Dynamical matrix file
--                                                                         
  2    2   2   8.2370000   0.0000000   0.0000000   0.0000000   0.0000000   0.0000000
           1  'Si  '    25598.367289828169     
           2  'C   '    10947.156286244590     
    1    1      0.0000000000      0.0000000000      0.0000000000
    2    2      0.2500000000      0.2500000000      0.2500000000

     Dynamical  Matrix in cartesian axes

     q = (    0.000000000   0.666666667   0.000000000 ) 

    1    1
  0.40331757   0.00000000     0.00000000   0.00000000     0.00000000   0.00000000
  0.00000000   0.00000000     0.75995863   0.00000000     0.00000000   0.00000000
  0.00000000   0.00000000     0.00000000   0.00000000     0.40331757   0.00000000
    1    2
 -0.08927983   0.15463720     0.00000000   0.00000000    -0.15061303  -0.08695647
  0.00000000  -0.00000000    -0.13981702   0.24217019     0.00000000   0.00000000
 -0.15061303  -0.08695647     0.00000000   0.00000000    -0.08927983   0.15463720
    2    1
 -0.08927983  -0.15463720     0.00000000   0.00000000    -0.15061303   0.08695647
  0.00000000   0.00000000    -0.13981702  -0.24217019     0.00000000  -0.00000000
 -0.15061303   0.08695647     0.00000000   0.00000000    -0.08927983  -0.15463720
    2    2
  0.42541225   0.00000000     0.00000000   0.00000000     0.00000000  -0.00000000
  0.00000000   0.00000000     0.56632415   0.00000000     0.00000000   0.00000000
  0.00000000  -0.00000000     0.00000000   0.00000000     0.42541225   0.00000000

     Dynamical  Matrix in cartesian axes

     q = (    0.000000000   0.000000000  -0.666666667 ) 

    1    1
  0.40331757   0.00000000     0.00000000  -0.00000000    -0.00000000   0.00000000
  0.00000000  -0.00000000     0.40331757   0.00000000    -0.00000000   0.00000000
  0.00000000   0.00000000     0.00000000   0.00000000     0.75995863   0.00000000
    1    2
 -0.08927983  -0.15463720    -0.15061303   0.08695647     0.00000000   0.00000000
 -0.15061303   0.08695647    -0.08927983  -0.15463720     0.00000000   0.00000000
  0.00000000  -0.00000000    -0.00000000   0.00000000    -0.13981702  -0.24217019
    2    1
 -0.08927983   0.15463720    -0.15061303  -0.08695647     0.00000000   0.00000000
 -0.15061303  -0.08695647    -0.08927983   0.15463720     0.00000000   0.00000000
  0.00000000   0.00000000    -0.00000000  -0.00000000    -0.13981702   0.24217019
    2    2
  0.42541225   0.00000000     0.00000000   0.00000000     0.00000000   0.00000000
  0.00000000   0.00000000     0.42541225   0.00000000     0.00000000   0.00000000
  0.00000000   0.00000000     0.00000000   0.00000000     0.56632415   0.00000000

     Dynamical  Matrix in cartesian axes

     q = (   -0.666666667   0.000000000   0.000000000 ) 

    1    1
  0.75995863   0.00000000     0.00000000   0.00000000     0.00000000   0.00000000
 -0.00000000   0.00000000     0.40331757   0.00000000     0.00000000  -0.00000000
 -0.00000000   0.00000000     0.00000000  -0.00000000     0.40331757   0.00000000
    1    2
 -0.13981702  -0.24217019    -0.00000000   0.00000000     0.00000000   0.00000000
 -0.00000000   0.00000000    -0.08927983  -0.15463720    -0.15061303   0.08695647
  0.00000000  -0.00000000    -0.15061303   0.08695647    -0.08927983  -0.15463720
    2    1
 -0.13981702   0.24217019    -0.00000000   0.00000000     0.00000000   0.00000000
 -0.00000000  -0.00000000    -0.08927983   0.15463720    -0.15061303  -0.08695647
  0.00000000   0.00000000    -0.15061303  -0.08695647    -0.08927983   0.15463720
    2    2
  0.56632415   0.00000000     0.00000000   0.00000000     0.00000000   0.00000000
  0.00000000   0.00000000     0.42541225   0.00000000     0.00000000   0.00000000
  0.00000000   0.00000000     0.00000000   0.00000000     0.42541225   0.00000000

     Dynamical  Matrix in cartesian axes

     q = (    0.666666667   0.000000000   0.000000000 ) 

    1    1
  0.75995863   0.00000000     0.00000000   0.00000000     0.00000000   0.00000000
 -0.00000000   0.00000000     0.40331757   0.00000000     0.00000000   0.00000000
 -0.00000000   0.00000000     0.00000000   0.00000000     0.40331757   0.00000000
    1    2
 -0.13981702   0.24217019     0.00000000   0.00000000     0.00000000   0.00000000
  0.00000000  -0.00000000    -0.08927983   0.15463720    -0.15061303  -0.08695647
  0.00000000   0.00000000    -0.15061303  -0.08695647    -0.08927983   0.15463720
    2    1
 -0.13981702  -0.24217019     0.00000000   0.00000000     0.00000000   0.00000000
  0.00000000   0.00000000    -0.08927983  -0.15463720    -0.15061303   0.08695647
  0.00000000  -0.00000000    -0.15061303   0.08695647    -0.08927983  -0.15463720
    2    2
  0.56632415   0.00000000     0.00000000   0.00000000     0.00000000   0.00000000
  0.00000000   0.00000000     0.42541225   0.00000000     0.00000000  -0.00000000
  0.00000000   0.00000000     0.00000000  -0.00000000     0.42541225   0.00000000

     Dynamical  Matrix in cartesian axes

     q = (    0.000000000  -0.666666667   0.000000000 ) 

    1    1
  0.40331757   0.00000000     0.00000000   0.00000000     0.00000000  -0.00000000
  0.00000000   0.00000000     0.75995863   0.00000000     0.00000000   0.00000000
  0.00000000  -0.00000000     0.00000000   0.00000000     0.40331757   0.00000000
    1    2
 -0.08927983  -0.15463720    -0.00000000   0.00000000    -0.15061303   0.08695647
  0.00000000   0.00000000    -0.13981702  -0.24217019     0.00000000   0.00000000
 -0.15061303   0.08695647    -0.00000000   0.00000000    -0.08927983  -0.15463720
    2    1
 -0.08927983   0.15463720    -0.00000000   0.00000000    -0.15061303  -0.08695647
  0.00000000  -0.00000000    -0.13981702   0.24217019     0.00000000   0.00000000
 -0.15061303  -0.08695647    -0.00000000   0.00000000    -0.08927983   0.15463720
    2    2
  0.42541225   0.00000000     0.00000000   0.00000000     0.00000000   0.00000000
  0.00000000   0.00000000     0.56632415   0.00000000     0.00000000   0.00000000
  0.00000000   0.00000000     0.00000000   0.00000000     0.42541225   0.00000000

     Dynamical  Matrix in cartesian axes

     q = (    0.000000000   0.000000000   0.666666667 ) 

    1    1
  0.40331757   0.00000000     0.00000000   0.00000000    -0.00000000   0.00000000
  0.00000000   0.00000000     0.40331757   0.00000000    -0.00000000   0.00000000
  0.00000000   0.00000000     0.00000000   0.00000000     0.75995863   0.00000000
    1    2
 -0.08927983   0.15463720    -0.15061303  -0.08695647     0.00000000   0.00000000
 -0.15061303  -0.08695647    -0.08927983   0.15463720     0.00000000   0.00000000
 -0.00000000   0.00000000     0.00000000  -0.00000000    -0.13981702   0.24217019
    2    1
 -0.08927983  -0.15463720    -0.15061303   0.08695647     0.00000000   0.00000000
 -0.15061303   0.08695647    -0.08927983  -0.15463720     0.00000000   0.00000000
 -0.00000000  -0.00000000     0.00000000   0.00000000    -0.13981702  -0.24217019
    2    2
  0.42541225   0.00000000     0.00000000  -0.00000000     0.00000000   0.00000000
  0.00000000  -0.00000000     0.42541225   0.00000000     0.00000000   0.00000000
  0.00000000   0.00000000     0.00000000   0.00000000     0.56632415   0.00000000

     Diagonalizing the dynamical matrix

     q = (    0.000000000   0.666666667   0.000000000 ) 

 **************************************************************************
     freq (    1) =       9.570081 [THz] =     319.223536 [cm-1]
 ( -0.483613 -0.279230  0.000000 -0.000000 -0.286671  0.496555 ) 
 (  0.000014  0.000004  0.000000 -0.000000 -0.599501  0.000000 ) 
     freq (    2) =       9.570081 [THz] =     319.223536 [cm-1]
 (  0.417039 -0.393479 -0.000000 -0.000000  0.383253  0.406163 ) 
 (  0.574324  0.171909 -0.000000 -0.000000  0.000015  0.000000 ) 
     freq (    3) =      14.966734 [THz] =     499.236518 [cm-1]
 (  0.000000  0.000000 -0.356416  0.684926 -0.000000  0.000000 ) 
 ( -0.000000  0.000000 -0.634878  0.027817 -0.000000  0.000000 ) 
     freq (    4) =      22.350104 [THz] =     745.519217 [cm-1]
 (  0.059164 -0.210369 -0.000000  0.000000  0.204894  0.057624 ) 
 ( -0.922861  0.235097  0.000000 -0.000000 -0.000000  0.000000 ) 
     freq (    5) =      22.350104 [THz] =     745.519217 [cm-1]
 ( -0.184327 -0.106421  0.000000 -0.000000 -0.109265  0.189252 ) 
 ( -0.000000  0.000000 -0.000000 -0.000000  0.952335  0.000000 ) 
     freq (    6) =      25.636182 [THz] =     855.130974 [cm-1]
 (  0.000000 -0.000000  0.186075 -0.274970  0.000000  0.000000 ) 
 ( -0.000000 -0.000000 -0.940877 -0.067222 -0.000000  0.000000 ) 
 **************************************************************************
