Dynamical matrix file
--                                                                         
  2    2   2   8.2370000   0.0000000   0.0000000   0.0000000   0.0000000   0.0000000
           1  'Si  '    25598.367289828169     
           2  'C   '    10947.156286244590     
    1    1      0.0000000000      0.0000000000      0.0000000000
    2    2      0.2500000000      0.2500000000      0.2500000000

     Dynamical  Matrix in cartesian axes

     q = (   -0.333333333   0.333333333  -0.333333333 ) 

    1    1
  0.50723226   0.00000000    -0.10969747   0.00000000     0.10969747   0.00000000
 -0.10969747   0.00000000     0.50723226   0.00000000    -0.10969747   0.00000000
  0.10969747   0.00000000    -0.10969747   0.00000000     0.50723226   0.00000000
    1    2
 -0.25806387  -0.09693052    -0.05333748   0.06112829     0.05333748  -0.06112829
 -0.05333748   0.06112829    -0.25806387  -0.09693052    -0.05333748   0.06112829
  0.05333748  -0.06112829    -0.05333748   0.06112829    -0.25806387  -0.09693052
    2    1
 -0.25806387   0.09693052    -0.05333748  -0.06112829     0.05333748   0.06112829
 -0.05333748  -0.06112829    -0.25806387   0.09693052    -0.05333748  -0.06112829
  0.05333748   0.06112829    -0.05333748  -0.06112829    -0.25806387   0.09693052
    2    2
  0.45249102   0.00000000    -0.06017705  -0.00000000     0.06017705   0.00000000
 -0.06017705  -0.00000000     0.45249102  -0.00000000    -0.06017705   0.00000000
  0.06017705   0.00000000    -0.06017705  -0.00000000     0.45249102   0.00000000

     Dynamical  Matrix in cartesian axes

     q = (    0.333333333  -0.333333333   0.333333333 ) 

    1    1
  0.50723226  -0.00000000    -0.10969747  -0.00000000     0.10969747  -0.00000000
 -0.10969747  -0.00000000     0.50723226  -0.00000000    -0.10969747  -0.00000000
  0.10969747  -0.00000000    -0.10969747  -0.00000000     0.50723226  -0.00000000
    1    2
 -0.25806387   0.09693052    -0.05333748  -0.06112829     0.05333748   0.06112829
 -0.05333748  -0.06112829    -0.25806387   0.09693052    -0.05333748  -0.06112829
  0.05333748   0.06112829    -0.05333748  -0.06112829    -0.25806387   0.09693052
    2    1
 -0.25806387  -0.09693052    -0.05333748   0.06112829     0.05333748  -0.06112829
 -0.05333748   0.06112829    -0.25806387  -0.09693052    -0.05333748   0.06112829
  0.05333748  -0.06112829    -0.05333748   0.06112829    -0.25806387  -0.09693052
    2    2
  0.45249102  -0.00000000    -0.06017705   0.00000000     0.06017705  -0.00000000
 -0.06017705   0.00000000     0.45249102   0.00000000    -0.06017705  -0.00000000
  0.06017705  -0.00000000    -0.06017705   0.00000000     0.45249102  -0.00000000

     Dynamical  Matrix in cartesian axes

     q = (    0.333333333   0.333333333   0.333333333 ) 

    1    1
  0.50723226   0.00000000     0.10969747   0.00000000     0.10969747   0.00000000
  0.10969747   0.00000000     0.50723226   0.00000000     0.10969747   0.00000000
  0.10969747   0.00000000     0.10969747   0.00000000     0.50723226   0.00000000
    1    2
  0.04508764   0.27195513    -0.07960739  -0.01562747    -0.07960739  -0.01562747
 -0.07960739  -0.01562747     0.04508764   0.27195513    -0.07960739  -0.01562747
 -0.07960739  -0.01562747    -0.07960739  -0.01562747     0.04508764   0.27195513
    2    1
  0.04508764  -0.27195513    -0.07960739   0.01562747    -0.07960739   0.01562747
 -0.07960739   0.01562747     0.04508764  -0.27195513    -0.07960739   0.01562747
 -0.07960739   0.01562747    -0.07960739   0.01562747     0.04508764  -0.27195513
    2    2
  0.45249102  -0.00000000     0.06017705   0.00000000     0.06017705   0.00000000
  0.06017705   0.00000000     0.45249102   0.00000000     0.06017705   0.00000000
  0.06017705   0.00000000     0.06017705   0.00000000     0.45249102   0.00000000

     Dynamical  Matrix in cartesian axes

     q = (   -0.333333333  -0.333333333  -0.333333333 ) 

    1    1
  0.50723226  -0.00000000     0.10969747  -0.00000000     0.10969747  -0.00000000
  0.10969747  -0.00000000     0.50723226  -0.00000000     0.10969747  -0.00000000
  0.10969747  -0.00000000     0.10969747  -0.00000000     0.50723226  -0.00000000
    1    2
  0.04508764  -0.27195513    -0.07960739   0.01562747    -0.07960739   0.01562747
 -0.07960739   0.01562747     0.04508764  -0.27195513    -0.07960739   0.01562747
 -0.07960739   0.01562747    -0.07960739   0.01562747     0.04508764  -0.27195513
    2    1
  0.04508764   0.27195513    -0.07960739  -0.01562747    -0.07960739  -0.01562747
 -0.07960739  -0.01562747     0.04508764   0.27195513    -0.07960739  -0.01562747
 -0.07960739  -0.01562747    -0.07960739  -0.01562747     0.04508764   0.27195513
    2    2
  0.45249102   0.00000000     0.06017705  -0.00000000     0.06017705  -0.00000000
  0.06017705  -0.00000000     0.45249102  -0.00000000     0.06017705  -0.00000000
  0.06017705  -0.00000000     0.06017705  -0.00000000     0.45249102  -0.00000000

     Dynamical  Matrix in cartesian axes

     q = (    0.333333333  -0.333333333  -0.333333333 ) 

    1    1
  0.50723226   0.00000000    -0.10969747   0.00000000    -0.10969747   0.00000000
 -0.10969747   0.00000000     0.50723226   0.00000000     0.10969747   0.00000000
 -0.10969747   0.00000000     0.10969747   0.00000000     0.50723226   0.00000000
    1    2
 -0.25806387  -0.09693052    -0.05333748   0.06112829    -0.05333748   0.06112829
 -0.05333748   0.06112829    -0.25806387  -0.09693052     0.05333748  -0.06112829
 -0.05333748   0.06112829     0.05333748  -0.06112829    -0.25806387  -0.09693052
    2    1
 -0.25806387   0.09693052    -0.05333748  -0.06112829    -0.05333748  -0.06112829
 -0.05333748  -0.06112829    -0.25806387   0.09693052     0.05333748   0.06112829
 -0.05333748  -0.06112829     0.05333748   0.06112829    -0.25806387   0.09693052
    2    2
  0.45249102   0.00000000    -0.06017705  -0.00000000    -0.06017705  -0.00000000
 -0.06017705  -0.00000000     0.45249102   0.00000000     0.06017705   0.00000000
 -0.06017705  -0.00000000     0.06017705   0.00000000     0.45249102  -0.00000000

     Dynamical  Matrix in cartesian axes

     q = (   -0.333333333   0.333333333   0.333333333 ) 

    1    1
  0.50723226  -0.00000000    -0.10969747  -0.00000000    -0.10969747  -0.00000000
 -0.10969747  -0.00000000     0.50723226  -0.00000000     0.10969747  -0.00000000
 -0.10969747  -0.00000000     0.10969747  -0.00000000     0.50723226  -0.00000000
    1    2
 -0.25806387   0.09693052    -0.05333748  -0.06112829    -0.05333748  -0.06112829
 -0.05333748  -0.06112829    -0.25806387   0.09693052     0.05333748   0.06112829
 -0.05333748  -0.06112829     0.05333748   0.06112829    -0.25806387   0.09693052
    2    1
 -0.25806387  -0.09693052    -0.05333748   0.06112829    -0.05333748   0.06112829
 -0.05333748   0.06112829    -0.25806387  -0.09693052     0.05333748  -0.06112829
 -0.05333748   0.06112829     0.05333748  -0.06112829    -0.25806387  -0.09693052
    2    2
  0.45249102  -0.00000000    -0.06017705   0.00000000    -0.06017705   0.00000000
 -0.06017705   0.00000000     0.45249102  -0.00000000     0.06017705  -0.00000000
 -0.06017705   0.00000000     0.06017705  -0.00000000     0.45249102   0.00000000

     Dynamical  Matrix in cartesian axes

     q = (   -0.333333333  -0.333333333   0.333333333 ) 

    1    1
  0.50723226   0.00000000     0.10969747   0.00000000    -0.10969747   0.00000000
  0.10969747   0.00000000     0.50723226   0.00000000    -0.10969747   0.00000000
 -0.10969747   0.00000000    -0.10969747   0.00000000     0.50723226   0.00000000
    1    2
 -0.25806387  -0.09693052     0.05333748  -0.06112829    -0.05333748   0.06112829
  0.05333748  -0.06112829    -0.25806387  -0.09693052    -0.05333748   0.06112829
 -0.05333748   0.06112829    -0.05333748   0.06112829    -0.25806387  -0.09693052
    2    1
 -0.25806387   0.09693052     0.05333748   0.06112829    -0.05333748  -0.06112829
  0.05333748   0.06112829    -0.25806387   0.09693052    -0.05333748  -0.06112829
 -0.05333748  -0.06112829    -0.05333748  -0.06112829    -0.25806387   0.09693052
    2    2
  0.45249102   0.00000000     0.06017705   0.00000000    -0.06017705  -0.00000000
  0.06017705   0.00000000     0.45249102  -0.00000000    -0.06017705  -0.00000000
 -0.06017705  -0.00000000    -0.06017705  -0.00000000     0.45249102   0.00000000

     Dynamical  Matrix in cartesian axes

     q = (    0.333333333   0.333333333  -0.333333333 ) 

    1    1
  0.50723226  -0.00000000     0.10969747  -0.00000000    -0.10969747  -0.00000000
  0.10969747  -0.00000000     0.50723226  -0.00000000    -0.10969747  -0.00000000
 -0.10969747  -0.00000000    -0.10969747  -0.00000000     0.50723226  -0.00000000
    1    2
 -0.25806387   0.09693052     0.05333748   0.06112829    -0.05333748  -0.06112829
  0.05333748   0.06112829    -0.25806387   0.09693052    -0.05333748  -0.06112829
 -0.05333748  -0.06112829    -0.05333748  -0.06112829    -0.25806387   0.09693052
    2    1
 -0.25806387  -0.09693052     0.05333748  -0.06112829    -0.05333748   0.06112829
  0.05333748  -0.06112829    -0.25806387  -0.09693052    -0.05333748   0.06112829
 -0.05333748   0.06112829    -0.05333748   0.06112829    -0.25806387  -0.09693052
    2    2
  0.45249102  -0.00000000     0.06017705  -0.00000000    -0.06017705   0.00000000
  0.06017705  -0.00000000     0.45249102   0.00000000    -0.06017705   0.00000000
 -0.06017705   0.00000000    -0.06017705   0.00000000     0.45249102  -0.00000000

     Diagonalizing the dynamical matrix

     q = (   -0.333333333   0.333333333  -0.333333333 ) 

 **************************************************************************
     freq (    1) =       6.887373 [THz] =     229.738040 [cm-1]
 ( -0.440601  0.009889 -0.577561 -0.005857 -0.136960 -0.015746 ) 
 ( -0.397433  0.054755 -0.522931  0.054755 -0.125498  0.000000 ) 
     freq (    2) =       6.887373 [THz] =     229.738040 [cm-1]
 ( -0.411388 -0.033098  0.172606  0.034044  0.583994  0.067143 ) 
 ( -0.375483  0.012841  0.159637  0.012841  0.535121  0.000000 ) 
     freq (    3) =      14.874920 [THz] =     496.173936 [cm-1]
 ( -0.260829 -0.377639  0.260829  0.377639 -0.260829 -0.377639 ) 
 ( -0.350271 -0.000000  0.350271 -0.000000 -0.350271  0.000000 ) 
     freq (    4) =      22.550158 [THz] =     752.192299 [cm-1]
 ( -0.233805  0.018130 -0.273549  0.013560 -0.039745 -0.004569 ) 
 (  0.591332 -0.114864  0.694098 -0.114864  0.102766  0.000000 ) 
     freq (    5) =      22.550158 [THz] =     752.192299 [cm-1]
 ( -0.180365 -0.014601  0.111206  0.018921  0.291571  0.033522 ) 
 (  0.464560 -0.015657 -0.289341 -0.015657 -0.753902  0.000000 ) 
     freq (    6) =      25.540323 [THz] =     851.933480 [cm-1]
 ( -0.101803 -0.147395  0.101803  0.147395 -0.101803 -0.147395 ) 
 (  0.548857  0.000000 -0.548857 -0.000000  0.548857  0.000000 ) 
 **************************************************************************
