Dynamical matrix file
--                                                                         
  2    2   2   8.2370000   0.0000000   0.0000000   0.0000000   0.0000000   0.0000000
           1  'Si  '    25598.367289828169     
           2  'C   '    10947.156286244590     
    1    1      0.0000000000      0.0000000000      0.0000000000
    2    2      0.2500000000      0.2500000000      0.2500000000

     Dynamical  Matrix in cartesian axes

     q = (    0.666666667   0.000000000   0.666666667 ) 

    1    1
  0.46845748   0.00000000     0.00000000  -0.02593666     0.06042964   0.00000000
  0.00000000   0.02593666     0.60831192   0.00000000     0.00000000   0.02593666
  0.06042964   0.00000000     0.00000000  -0.02593666     0.46845748   0.00000000
    1    2
  0.04990842   0.08644391    -0.06536600   0.03773908    -0.06766629  -0.11720145
 -0.07712598   0.04452870     0.05248416   0.09090523    -0.07712598   0.04452870
 -0.06766629  -0.11720145    -0.06536600   0.03773908     0.04990842   0.08644391
    2    1
  0.04990842  -0.08644391    -0.07712598  -0.04452870    -0.06766629   0.11720145
 -0.06536600  -0.03773908     0.05248416  -0.09090523    -0.06536600  -0.03773908
 -0.06766629   0.11720145    -0.07712598  -0.04452870     0.04990842  -0.08644391
    2    2
  0.46745102   0.00000000     0.00000000  -0.03715843     0.05544277   0.00000000
  0.00000000   0.03715843     0.52033279   0.00000000     0.00000000   0.03715843
  0.05544277   0.00000000     0.00000000  -0.03715843     0.46745102   0.00000000

     Dynamical  Matrix in cartesian axes

     q = (   -0.666666667   0.000000000  -0.666666667 ) 

    1    1
  0.46845748   0.00000000     0.00000000   0.02593666     0.06042964   0.00000000
  0.00000000  -0.02593666     0.60831192   0.00000000     0.00000000  -0.02593666
  0.06042964   0.00000000     0.00000000   0.02593666     0.46845748   0.00000000
    1    2
  0.04990842  -0.08644391    -0.06536600  -0.03773908    -0.06766629   0.11720145
 -0.07712598  -0.04452870     0.05248416  -0.09090523    -0.07712598  -0.04452870
 -0.06766629   0.11720145    -0.06536600  -0.03773908     0.04990842  -0.08644391
    2    1
  0.04990842   0.08644391    -0.07712598   0.04452870    -0.06766629  -0.11720145
 -0.06536600   0.03773908     0.05248416   0.09090523    -0.06536600   0.03773908
 -0.06766629  -0.11720145    -0.07712598   0.04452870     0.04990842   0.08644391
    2    2
  0.46745102   0.00000000    -0.00000000   0.03715843     0.05544277   0.00000000
 -0.00000000  -0.03715843     0.52033279   0.00000000    -0.00000000  -0.03715843
  0.05544277   0.00000000    -0.00000000   0.03715843     0.46745102   0.00000000

     Dynamical  Matrix in cartesian axes

     q = (    0.666666667  -0.666666667   0.000000000 ) 

    1    1
  0.46845748   0.00000000    -0.06042964   0.00000000     0.00000000   0.02593666
 -0.06042964   0.00000000     0.46845748   0.00000000     0.00000000  -0.02593666
  0.00000000  -0.02593666     0.00000000   0.02593666     0.60831192   0.00000000
    1    2
 -0.09981683   0.00000000    -0.13533258  -0.00000000     0.00000000   0.07547815
 -0.13533258   0.00000000    -0.09981683  -0.00000000    -0.00000000  -0.07547815
  0.00000000   0.08905741    -0.00000000  -0.08905741    -0.10496831  -0.00000000
    2    1
 -0.09981683   0.00000000    -0.13533258  -0.00000000    -0.00000000  -0.08905741
 -0.13533258  -0.00000000    -0.09981683   0.00000000     0.00000000   0.08905741
  0.00000000  -0.07547815    -0.00000000   0.07547815    -0.10496831   0.00000000
    2    2
  0.46745102   0.00000000    -0.05544277   0.00000000     0.00000000   0.03715843
 -0.05544277   0.00000000     0.46745102   0.00000000     0.00000000  -0.03715843
  0.00000000  -0.03715843     0.00000000   0.03715843     0.52033279   0.00000000

     Dynamical  Matrix in cartesian axes

     q = (    0.000000000  -0.666666667   0.666666667 ) 

    1    1
  0.60831192   0.00000000     0.00000000   0.02593666     0.00000000  -0.02593666
  0.00000000  -0.02593666     0.46845748   0.00000000    -0.06042964   0.00000000
  0.00000000   0.02593666    -0.06042964   0.00000000     0.46845748   0.00000000
    1    2
 -0.10496831   0.00000000     0.00000000  -0.08905741    -0.00000000   0.08905741
 -0.00000000  -0.07547815    -0.09981683   0.00000000    -0.13533258   0.00000000
  0.00000000   0.07547815    -0.13533258   0.00000000    -0.09981683  -0.00000000
    2    1
 -0.10496831   0.00000000     0.00000000   0.07547815    -0.00000000  -0.07547815
  0.00000000   0.08905741    -0.09981683  -0.00000000    -0.13533258  -0.00000000
  0.00000000  -0.08905741    -0.13533258  -0.00000000    -0.09981683   0.00000000
    2    2
  0.52033279   0.00000000     0.00000000   0.03715843     0.00000000  -0.03715843
  0.00000000  -0.03715843     0.46745102   0.00000000    -0.05544277   0.00000000
 -0.00000000   0.03715843    -0.05544277   0.00000000     0.46745102   0.00000000

     Dynamical  Matrix in cartesian axes

     q = (    0.000000000  -0.666666667  -0.666666667 ) 

    1    1
  0.60831192   0.00000000     0.00000000  -0.02593666     0.00000000  -0.02593666
  0.00000000   0.02593666     0.46845748   0.00000000     0.06042964   0.00000000
  0.00000000   0.02593666     0.06042964   0.00000000     0.46845748   0.00000000
    1    2
  0.05248416  -0.09090523    -0.07712598  -0.04452870    -0.07712598  -0.04452870
 -0.06536600  -0.03773908     0.04990842  -0.08644391    -0.06766629   0.11720145
 -0.06536600  -0.03773908    -0.06766629   0.11720145     0.04990842  -0.08644391
    2    1
  0.05248416   0.09090523    -0.06536600   0.03773908    -0.06536600   0.03773908
 -0.07712598   0.04452870     0.04990842   0.08644391    -0.06766629  -0.11720145
 -0.07712598   0.04452870    -0.06766629  -0.11720145     0.04990842   0.08644391
    2    2
  0.52033279   0.00000000     0.00000000  -0.03715843     0.00000000  -0.03715843
  0.00000000   0.03715843     0.46745102   0.00000000     0.05544277   0.00000000
 -0.00000000   0.03715843     0.05544277   0.00000000     0.46745102   0.00000000

     Dynamical  Matrix in cartesian axes

     q = (   -0.666666667   0.000000000   0.666666667 ) 

    1    1
  0.46845748   0.00000000     0.00000000  -0.02593666    -0.06042964   0.00000000
  0.00000000   0.02593666     0.60831192   0.00000000     0.00000000  -0.02593666
 -0.06042964   0.00000000     0.00000000   0.02593666     0.46845748   0.00000000
    1    2
 -0.09981683   0.00000000     0.00000000  -0.07547815    -0.13533258   0.00000000
  0.00000000  -0.08905741    -0.10496831   0.00000000    -0.00000000   0.08905741
 -0.13533258   0.00000000     0.00000000   0.07547815    -0.09981683   0.00000000
    2    1
 -0.09981683   0.00000000     0.00000000   0.08905741    -0.13533258  -0.00000000
 -0.00000000   0.07547815    -0.10496831   0.00000000     0.00000000  -0.07547815
 -0.13533258  -0.00000000     0.00000000  -0.08905741    -0.09981683  -0.00000000
    2    2
  0.46745102   0.00000000     0.00000000  -0.03715843    -0.05544277   0.00000000
  0.00000000   0.03715843     0.52033279   0.00000000     0.00000000  -0.03715843
 -0.05544277   0.00000000     0.00000000   0.03715843     0.46745102   0.00000000

     Dynamical  Matrix in cartesian axes

     q = (    0.666666667   0.666666667   0.000000000 ) 

    1    1
  0.46845748   0.00000000     0.06042964   0.00000000     0.00000000  -0.02593666
  0.06042964   0.00000000     0.46845748   0.00000000     0.00000000  -0.02593666
  0.00000000   0.02593666     0.00000000   0.02593666     0.60831192   0.00000000
    1    2
  0.04990842   0.08644391    -0.06766629  -0.11720145    -0.06536600   0.03773908
 -0.06766629  -0.11720145     0.04990842   0.08644391    -0.06536600   0.03773908
 -0.07712598   0.04452870    -0.07712598   0.04452870     0.05248416   0.09090523
    2    1
  0.04990842  -0.08644391    -0.06766629   0.11720145    -0.07712598  -0.04452870
 -0.06766629   0.11720145     0.04990842  -0.08644391    -0.07712598  -0.04452870
 -0.06536600  -0.03773908    -0.06536600  -0.03773908     0.05248416  -0.09090523
    2    2
  0.46745102   0.00000000     0.05544277   0.00000000     0.00000000  -0.03715843
  0.05544277   0.00000000     0.46745102   0.00000000     0.00000000  -0.03715843
  0.00000000   0.03715843     0.00000000   0.03715843     0.52033279   0.00000000

     Dynamical  Matrix in cartesian axes

     q = (   -0.666666667  -0.666666667   0.000000000 ) 

    1    1
  0.46845748   0.00000000     0.06042964   0.00000000     0.00000000   0.02593666
  0.06042964   0.00000000     0.46845748   0.00000000     0.00000000   0.02593666
  0.00000000  -0.02593666     0.00000000  -0.02593666     0.60831192   0.00000000
    1    2
  0.04990842  -0.08644391    -0.06766629   0.11720145    -0.06536600  -0.03773908
 -0.06766629   0.11720145     0.04990842  -0.08644391    -0.06536600  -0.03773908
 -0.07712598  -0.04452870    -0.07712598  -0.04452870     0.05248416  -0.09090523
    2    1
  0.04990842   0.08644391    -0.06766629  -0.11720145    -0.07712598   0.04452870
 -0.06766629  -0.11720145     0.04990842   0.08644391    -0.07712598   0.04452870
 -0.06536600   0.03773908    -0.06536600   0.03773908     0.05248416   0.09090523
    2    2
  0.46745102   0.00000000     0.05544277   0.00000000    -0.00000000   0.03715843
  0.05544277   0.00000000     0.46745102   0.00000000    -0.00000000   0.03715843
 -0.00000000  -0.03715843    -0.00000000  -0.03715843     0.52033279   0.00000000

     Dynamical  Matrix in cartesian axes

     q = (   -0.666666667   0.666666667   0.000000000 ) 

    1    1
  0.46845748   0.00000000    -0.06042964   0.00000000     0.00000000  -0.02593666
 -0.06042964   0.00000000     0.46845748   0.00000000     0.00000000   0.02593666
  0.00000000   0.02593666     0.00000000  -0.02593666     0.60831192   0.00000000
    1    2
 -0.09981683   0.00000000    -0.13533258   0.00000000    -0.00000000  -0.07547815
 -0.13533258   0.00000000    -0.09981683   0.00000000     0.00000000   0.07547815
  0.00000000  -0.08905741    -0.00000000   0.08905741    -0.10496831   0.00000000
    2    1
 -0.09981683   0.00000000    -0.13533258  -0.00000000     0.00000000   0.08905741
 -0.13533258  -0.00000000    -0.09981683   0.00000000     0.00000000  -0.08905741
 -0.00000000   0.07547815     0.00000000  -0.07547815    -0.10496831   0.00000000
    2    2
  0.46745102   0.00000000    -0.05544277   0.00000000     0.00000000  -0.03715843
 -0.05544277   0.00000000     0.46745102   0.00000000     0.00000000   0.03715843
  0.00000000   0.03715843     0.00000000  -0.03715843     0.52033279   0.00000000

     Dynamical  Matrix in cartesian axes

     q = (    0.666666667   0.000000000  -0.666666667 ) 

    1    1
  0.46845748   0.00000000     0.00000000   0.02593666    -0.06042964   0.00000000
  0.00000000  -0.02593666     0.60831192   0.00000000     0.00000000   0.02593666
 -0.06042964   0.00000000     0.00000000  -0.02593666     0.46845748   0.00000000
    1    2
 -0.09981683   0.00000000     0.00000000   0.07547815    -0.13533258   0.00000000
  0.00000000   0.08905741    -0.10496831   0.00000000    -0.00000000  -0.08905741
 -0.13533258   0.00000000    -0.00000000  -0.07547815    -0.09981683   0.00000000
    2    1
 -0.09981683  -0.00000000     0.00000000  -0.08905741    -0.13533258  -0.00000000
  0.00000000  -0.07547815    -0.10496831  -0.00000000    -0.00000000   0.07547815
 -0.13533258  -0.00000000    -0.00000000   0.08905741    -0.09981683  -0.00000000
    2    2
  0.46745102   0.00000000     0.00000000   0.03715843    -0.05544277   0.00000000
  0.00000000  -0.03715843     0.52033279   0.00000000     0.00000000   0.03715843
 -0.05544277   0.00000000     0.00000000  -0.03715843     0.46745102   0.00000000

     Dynamical  Matrix in cartesian axes

     q = (    0.000000000   0.666666667   0.666666667 ) 

    1    1
  0.60831192   0.00000000     0.00000000   0.02593666     0.00000000   0.02593666
  0.00000000  -0.02593666     0.46845748   0.00000000     0.06042964   0.00000000
  0.00000000  -0.02593666     0.06042964   0.00000000     0.46845748   0.00000000
    1    2
  0.05248416   0.09090523    -0.07712598   0.04452870    -0.07712598   0.04452870
 -0.06536600   0.03773908     0.04990842   0.08644391    -0.06766629  -0.11720145
 -0.06536600   0.03773908    -0.06766629  -0.11720145     0.04990842   0.08644391
    2    1
  0.05248416  -0.09090523    -0.06536600  -0.03773908    -0.06536600  -0.03773908
 -0.07712598  -0.04452870     0.04990842  -0.08644391    -0.06766629   0.11720145
 -0.07712598  -0.04452870    -0.06766629   0.11720145     0.04990842  -0.08644391
    2    2
  0.52033279   0.00000000     0.00000000   0.03715843     0.00000000   0.03715843
  0.00000000  -0.03715843     0.46745102   0.00000000     0.05544277   0.00000000
  0.00000000  -0.03715843     0.05544277   0.00000000     0.46745102   0.00000000

     Dynamical  Matrix in cartesian axes

     q = (    0.000000000   0.666666667  -0.666666667 ) 

    1    1
  0.60831192   0.00000000     0.00000000  -0.02593666     0.00000000   0.02593666
  0.00000000   0.02593666     0.46845748   0.00000000    -0.06042964   0.00000000
  0.00000000  -0.02593666    -0.06042964   0.00000000     0.46845748   0.00000000
    1    2
 -0.10496831   0.00000000    -0.00000000   0.08905741     0.00000000  -0.08905741
  0.00000000   0.07547815    -0.09981683   0.00000000    -0.13533258   0.00000000
 -0.00000000  -0.07547815    -0.13533258   0.00000000    -0.09981683  -0.00000000
    2    1
 -0.10496831   0.00000000     0.00000000  -0.07547815    -0.00000000   0.07547815
  0.00000000  -0.08905741    -0.09981683   0.00000000    -0.13533258  -0.00000000
  0.00000000   0.08905741    -0.13533258  -0.00000000    -0.09981683   0.00000000
    2    2
  0.52033279   0.00000000    -0.00000000  -0.03715843     0.00000000   0.03715843
 -0.00000000   0.03715843     0.46745102   0.00000000    -0.05544277   0.00000000
  0.00000000  -0.03715843    -0.05544277   0.00000000     0.46745102   0.00000000

     Diagonalizing the dynamical matrix

     q = (    0.666666667  -0.000000000   0.666666667 ) 

 **************************************************************************
     freq (    1) =       9.891131 [THz] =     329.932609 [cm-1]
 (  0.282686  0.489627 -0.000000 -0.000000 -0.282686 -0.489627 ) 
 ( -0.424681  0.000000 -0.000000  0.000000  0.424681  0.000000 ) 
     freq (    2) =      13.584645 [THz] =     453.134972 [cm-1]
 ( -0.255830 -0.443110 -0.468550  0.270518 -0.255830 -0.443110 ) 
 ( -0.156817  0.000000 -0.000000 -0.366752 -0.156817  0.000000 ) 
     freq (    3) =      15.815643 [THz] =     527.553069 [cm-1]
 ( -0.211869 -0.366968  0.652072 -0.376474 -0.211869 -0.366968 ) 
 (  0.192292 -0.000000 -0.000000  0.002915  0.192292  0.000000 ) 
     freq (    4) =      21.649446 [THz] =     722.147771 [cm-1]
 (  0.030806  0.053358 -0.034094  0.019684  0.030806  0.053358 ) 
 (  0.502987 -0.000000 -0.000000 -0.696323  0.502987  0.000000 ) 
     freq (    5) =      21.954921 [THz] =     732.337351 [cm-1]
 ( -0.108130 -0.187287 -0.000000 -0.000000  0.108130  0.187287 ) 
 ( -0.673225  0.000000  0.000000 -0.000000  0.673225  0.000000 ) 
     freq (    6) =      24.674600 [THz] =     823.056064 [cm-1]
 ( -0.035614 -0.061686 -0.162173  0.093630 -0.035614 -0.061686 ) 
 (  0.484995 -0.000000  0.000000  0.695950  0.484995  0.000000 ) 
 **************************************************************************
